314 430
311 427
308 428
304 433
312 428
313 430
318 428
319 435
318 434
322 433
335 432
334 428
338 433
334 429
341 431
340 433
336 429
335 428
334 430
335 429
338 426
338 426
336 426
336 425
338 427
338 427
334 429
333 428
338 427
334 429
333 428
334 430
335 429
325 431
329 433
328 432
327 427
330 430
324 422
325 417
327 416
322 411
326 410
322 411
329 413
332 412
335 411
344 410
344 409
349 413
348 418
348 411
347 417
348 415
353 412
352 408
351 407
350 409
349 411
349 407
353 413
352 412
352 404
351 412
354 412
353 411
349 407
350 406
349 405
345 407
352 412
348 411
349 410
348 409
345 412
343 413
342 413
341 409
339 406
337 403
332 396
330 400
329 402
331 401
331 401
335 399
332 395
329 400
330 401
325 397
331 398
330 400
334 399
334 403
336 404
334 404
333 405
334 407
334 402
334 403
336 405
